
strategic_region={
	id=327
	name="STRATEGICREGION_327"
	provinces={
		1004 1036 1139 1448 1603 1612 1640 4009 4010 4066 4114 4125 4130 4144 4158 4480 4519 4547 4606 4619 4631 4896 5030 6932 7019 7074 7097 7101 7126 7129 7159 7167 7201 7279 7434 7459 7502 7508 7540 7568 7580 7596 7609 7625 7637 7656 7665 8072 9934 9958 9959 9982 9995 9999 10006 10098 10335 10364 10377 10434 10446 10462 10474 10517 10757 11918 11931 11933 12012 12017 12053 12086 12310 12350 12378 12408 12414 12426 12467 12483 13140 13143 14603 
	}
	weather={
	}
}
