3 11 11380 11390 3229 299 329 11215 11327 11160 9300 11376 9279 
2 2 11376 6120 
3 11 9279 6345 9362 6412 3307 383 6310 171 11151 3171 6115 
2 9 6115 14 9174 6151 11176 9296 11367 6176 53 
2 6 6115 9204 3094 6184 11101 3192 
1 9 6115 9103 144 27 11037 9047 9170 6145 122 
1 9 6115 11078 6160 3021 11028 9135 6114 3093 11100 
1 3 6114 6118 3022 
1 5 3022 21 3096 9216 11100 
2 7 46 11052 3162 11049 3111 6038 3022 
2 30 6038 9132 6173 9069 9208 3126 3088 3048 6071 6214 9126 38 3132 3034 192 3145 91 11050 3058 3082 6079 3040 11077 3016 2995 9089 11104 9064 6092 9116 
1 2 3145 11157 
1 3 9064 11063 64 
3 12 6345 9362 11231 9251 9329 9406 6397 9393 11380 11082 161 6050 
4 10 383 295 3375 3063 6188 9209 9185 35 11163 6050 
3 3 9185 11188 161 
2 15 46 9154 6129 6010 11053 6147 9182 3070 6195 11114 6028 69 11070 295 383 
1 2 6050 6209 
1 21 6050 9149 3182 11091 3045 11147 11040 9151 205 130 9088 182 3113 6132 11201 9143 6083 9108 6165 6125 9147 
2 8 6125 11073 9226 11155 3095 101 6055 192 
1 3 46 6126 205 
1 6 3070 6093 156 9193 9117 11091 
1 5 11114 9054 6164 6084 9185 
1 12 46 3039 11148 11120 145 3138 11 3003 11190 148 6074 11155 
2 9 6132 11067 9093 6200 3138 11026 6152 173 6071 
3 20 9147 11125 11164 11081 158 11121 195 66 3172 11065 3122 11126 3117 169 6066 3083 9194 11211 6108 11105 
2 8 11105 9129 11066 11172 3025 3009 6013 3122 
2 12 11105 6144 67 6163 9160 11033 6141 11144 11132 6081 6212 158 
2 23 3083 9094 11172 3137 6163 9160 9056 9163 141 6078 11199 9106 9233 3115 3153 6179 6137 9112 11204 6076 2992 3069 11104 
1 16 9233 11079 6146 193 9169 3068 9061 3030 139 52 6082 11056 9183 204 6009 11105 
2 5 11125 3193 11115 11130 3058 
1 4 11130 9191 128 11077 
1 4 11164 162 6087 11204 
