1 68 
1 337 
1 351 
1 377 
1 492 
1 540 
1 650 
1 788 
1 853 
1 873 
1 1132 
1 1352 
1 1449 
1 1562 
1 1595 
1 1639 
1 1719 
1 1770 
1 1843 
1 1851 
1 1891 
1 1909 
1 1944 
1 1951 
1 1965 
1 2012 
1 2023 
1 2025 
1 2038 
1 2050 
1 2152 
1 2153 
1 2194 
1 2199 
1 2209 
1 3273 
1 3379 
1 3501 
1 3513 
1 3834 
1 3878 
1 3957 
1 3960 
1 4445 
1 4565 
1 4569 
1 4598 
1 4641 
1 4723 
1 4740 
1 4799 
1 4861 
1 4887 
1 4904 
1 4908 
1 4948 
1 4952 
1 4956 
1 4972 
1 4975 
1 4982 
1 4989 
1 4991 
1 4997 
1 5015 
1 5021 
1 5022 
1 5034 
1 5101 
1 5107 
1 5148 
1 5163 
1 5168 
1 5173 
1 5214 
1 5228 
1 5230 
1 6286 
1 6289 
1 6318 
1 6336 
1 6384 
1 6496 
1 6696 
1 6710 
1 6732 
1 6742 
1 6845 
1 6855 
1 6882 
1 6890 
1 6984 
1 7045 
1 7069 
1 7202 
1 7315 
1 7394 
1 7462 
1 7480 
1 7527 
1 7552 
1 7588 
1 7590 
1 7617 
1 7621 
1 7622 
1 7630 
1 7660 
1 7791 
1 7797 
1 7936 
1 7959 
1 7979 
1 7981 
1 7983 
1 8003 
1 8008 
1 8012 
1 8032 
1 8057 
1 8065 
1 8097 
1 8113 
1 8116 
1 8140 
1 8148 
1 8181 
1 8189 
1 8216 
1 8222 
1 8252 
1 9297 
1 9303 
1 9392 
1 9450 
1 9458 
1 9498 
1 9671 
1 9693 
1 9713 
1 9814 
1 9832 
1 9945 
1 10070 
1 10107 
1 10337 
1 10362 
1 10374 
1 10447 
1 10513 
1 10556 
1 10717 
1 10740 
1 10747 
1 10758 
1 10762 
1 10798 
1 10803 
1 10836 
1 10862 
1 10886 
1 10906 
1 10917 
1 10919 
1 10924 
1 10933 
1 10934 
1 10946 
1 10953 
1 10980 
1 10992 
1 11002 
1 11007 
1 11293 
1 11297 
1 11333 
1 11975 
1 12304 
1 12336 
1 12357 
1 12364 
1 12381 
1 12384 
1 12401 
1 12461 
1 12468 
1 12477 
1 12489 
1 12501 
1 12568 
1 12667 
1 12674 
1 12697 
1 12707 
1 12738 
1 12751 
1 12790 
1 12791 
1 12798 
1 12810 
1 12823 
1 12834 
1 12835 
1 12853 
1 12865 
1 12874 
1 12885 
1 12891 
1 12942 
1 12954 
1 12964 
1 12965 
1 12994 
1 13087 
1 13089 
1 13489 
1 13607 
1 13648 
1 13718 
1 13726 
1 13731 
1 13736 
1 13738 
1 13776 
1 13865 
1 13866 
1 13892 
1 13899 
1 14045 
1 14163 
